Simojoki
ForOrg,ForMin
Organic_ditched,Mineral
0.01	0.01	
0.1	0.1	
0.1	0.1	
0.1	0.1	
0.1	0.1	
0.1	0.1	
0.5	0.5	
1000	500	
0.5	0.5	
300	300	
1/1/2014
2038
0.9	0.2	
0.001	0.001	
0.8	1.5	
80	90	
0	0	
0.001	0.009	
3e-06	2e-06	
0.2	0.2	
0	0	
0.8	1.5	
20	20	
260	260	
1	1	
365	365	
100	100	
4.5	4.5	
9999	9999	
9999	9999	
9999	9999	
9999	9999	
9999	9999	
9999	9999	
3.51841	5	
0	0	
0	0	
1	1	
0.3	0.3	
-0.025	-0.025	
0.3	0.3	
6.6	6.6	
0.465948	0.66	
0.0502238	0.1	
2	2	
30	30	
2	2	
30	30	
2	2	
30	30	
2	2	
30	30	
2	2	
30	30	
2	2	
30	30	
0.09	0.09	
0.9	0.9	
1500	1500	
0	0	
0.33	0.33	
0.8	0.9	
0.8	0.8	
-3	-3	
0	0	
-2	-2	
40	50	
0.1	0.1	
0.05	0.05	
0	0	
0.185	0.185	
0.4	0.4	
8	8	
-4	-4	
177.694	200	
2	2	
1.5	80	
1.4	1.4	
10
0.1
0.1
0.5
0
9
Simojarvi_05
Simojarvi_05
630
35	65	
0.4	0.014883	3.08482	0.5	7	0.0003	0.1	0.005	9999	0	0.4	0	0.88459	0.965416	-1.29615	0.656867	0	0	
2	1.2	1	1.5	
37900	5	0.7	0.25	3.5	
0	0	0	0	0
66	0	0.349	0.371	100	0.02	0.0005	0.01	0.1	0	
Simojoki_upp04
Simojoki_upp04
446
59	41	
0.4	0.00518303	6.83013	0.5	7	0.0003	0.1	0.005	9999	0	0.4	0	1.16465	0.869758	0.253859	1.3323	0	0	
2	1.2	1	1.5	
47200	2.71	0.7	0.25	3.5	
0	0	0	0	0
66	0	0.349	0.371	20	0.02	0.0005	0.01	0.1	0	
Kamajoki09
Kamajoki09
147
47	53	
0.4	0.0147396	2.19615	0.5	7	0.0003	0.1	0.005	9999	0	0.4	0	0.871996	1.15087	0.564194	1.04336	0	0	
2	1.2	1	1.5	
11700	2.71	0.7	0.25	3.5	
0	0	0	0	0
66	0	0.349	0.371	20	0.02	0.0005	0.01	0.1	0	
Ruonajoki08
Ruonajoki08
201
52	48	
0.4	0.011997	6.97675	0.5	7	0.0003	0.1	0.005	9999	0	0.4	0	0.913538	0.877217	0.851919	1.16117	0	0	
2	1.2	1	1.5	
38500	2.71	0.7	0.25	3.5	
0	0	0	0	0
66	0	0.349	0.371	20	0.02	0.0005	0.01	0.1	0	
Portimojarvi03
Portimojarvi03
557
52	48	
0.4	0.00831649	12.2954	0.5	7	0.0003	0.1	0.005	9999	0	0.4	0	1.1857	1.14182	-0.469605	0.289298	0	0	
2	1.2	1	1.5	
12700	2.71	0.7	0.25	3.5	
0	0	0	0	0
66	0	0.349	0.371	100	0.02	0.0005	0.01	0.1	0	
Iso-Tainijoki07
Iso-Tainijoki07
245
69	31	
0.4	0.0118422	11.1513	0.5	7	0.0003	0.1	0.005	9999	0	0.4	0	1.1043	1.12997	0.0394197	-0.961095	0	0	
2	1.2	1	1.5	
28100	2.71	0.7	0.25	3.5	
0	0	0	0	0
66	0	0.349	0.371	50	0.02	0.0005	0.01	0.1	0	
Simojoki_mid02
Simojoki_mid02
375
64	36	
0.4	0.0051817	11.7421	0.5	7	0.0003	0.1	0.005	9999	0	0.4	0	0.913427	0.849322	-0.202665	0.113127	0	0	
2	1.2	1	1.5	
7400	2.71	0.7	0.25	3.5	
0	0	0	0	0
66	0	0.349	0.371	100	0.02	0.0005	0.01	0.1	0	
Kuivasjoki06
Kuivasjoki06
147
68	32	
0.4	0.00650471	4.30953	0.5	7	0.0003	0.1	0.005	9999	0	0.4	0	1.11289	1.08699	0.863132	0.561093	0	0	
2	1.2	1	1.5	
2600	2.71	0.7	0.25	3.5	
0	0	0	0	0
66	0	0.349	0.371	100	0.02	0.0005	0.01	0.1	0	
Simojoki_low01
Simojoki_low01
412
53	47	
0.4	0.00644931	2.3506	0.5	7	0.0003	0.1	0.005	9999	0	0.4	0	0.954509	0.913651	-0.101436	0.963988	0	0	
2	1.2	1	1.5	
35900	2.71	0.7	0.25	3.5	
0	0	0	0	0
66	0	0.349	0.371	100	0.02	0.0005	0.01	0.1	0	
